1.PNG 1 0 0 424 216
2.PNG 1 0 0 408 220
3.PNG 1 0 0 430 198
4.PNG 1 0 0 427 191
5.PNG 1 0 0 443 205
6.PNG 1 0 0 393 173
7.PNG 1 0 0 179 119
8.PNG 1 0 0 196 108
9.PNG 1 0 0 184 103
10.PNG 1 0 0 181 101
11.PNG 1 0 0 178 104
12.PNG 1 0 0 192 104
13.PNG 1 0 0 188 101
14.PNG 1 0 0 188 100
15.PNG 1 0 0 176 101
16.PNG 1 0 0 183 103
17.PNG 1 0 0 182 106
18.PNG 1 0 0 166 96
19.PNG 1 0 0 170 98
20.PNG 1 0 0 170 96
21.PNG 1 0 0 86 66
22.PNG 1 0 0 85 68
23.PNG 1 0 0 88 69
24.PNG 1 0 0 84 64
25.PNG 1 0 0 94 67
26.PNG 1 0 0 83 59