1.PNG 1 0 0 639 273 
2.PNG 1 0 0 671 253
3.PNG 1 0 0 663 321
4.PNG 1 0 0 643 260
5.PNG 1 0 0 669 265
6.PNG 1 0 0 274 192
7.PNG 1 0 0 281 195
8.PNG 1 0 0 279 196
9.PNG 1 0 0 273 179
10.PNG 1 0 0 269 176
11.PNG 1 0 0 274 182
12.PNG 1 0 0 273 179
13.PNG 1 0 0 270 170
14.PNG 1 0 0 267 173
15.PNG 1 0 0 267 175
16.PNG 1 0 0 263 165
17.PNG 1 0 0 262 165
18.PNG 1 0 0 262 164
19.PNG 1 0 0 152 128
20.PNG 1 0 0 150 126
21.PNG 1 0 0 153 126
22.PNG 1 0 0 157 126
23.PNG 1 0 0 157 128
24.PNG 1 0 0 155 133
25.PNG 1 0 0 146 112
26.PNG 1 0 0 104 100
27.PNG 1 0 0 102 95
28.PNG 1 0 0 101 99 
29.PNG 1 0 0 103 95
30.PNG 1 0 0 103 98
