1.PNG 1 0 0 128 113
2.PNG 1 0 0 128 103
3.PNG 1 0 0 132 103
4.PNG 1 0 0 130 107
5.PNG 1 0 0 131 113
6.PNG 1 0 0 119 102
7.PNG 1 0 0 120 107
8.PNG 1 0 0 122 98
9.PNG 1 0 0 122 97
10.PNG 1 0 0 120 100
11.PNG 1 0 0 122 94
12.PNG 1 0 0 121 91
13.PNG 1 0 0 127 94
14.PNG 1 0 0 124 94
15.PNG 1 0 0 126 89
16.PNG 1 0 0 119 87
17.PNG 1 0 0 125 88
18.PNG 1 0 0 121 90
19.PNG 1 0 0 119 83
20.PNG 1 0 0 118 87
21.PNG 1 0 0 118 93
22.PNG 1 0 0 114 82
23.PNG 1 0 0 116 85
24.PNG 1 0 0 121 90
25.PNG 1 0 0 117 84
26.PNG 1 0 0 110 86
27.PNG 1 0 0 110 86
28.PNG 1 0 0 119 83
29.PNG 1 0 0 112 83
30.PNG 1 0 0 107 80
31.PNG 1 0 0 120 102
32.PNG 1 0 0 127 96
33.PNG 1 0 0 140 97
34.PNG 1 0 0 127 100
35.PNG 1 0 0 121 100
36.PNG 1 0 0 132 100
37.PNG 1 0 0 136 99
38.PNG 1 0 0 135 106
39.PNG 1 0 0 134 102
40.PNG 1 0 0 137 101
41.PNG 1 0 0 124 94
42.PNG 1 0 0 127 94
43.PNG 1 0 0 125 93
44.PNG 1 0 0 134 92
45.PNG 1 0 0 129 94
46.PNG 1 0 0 128 86
47.PNG 1 0 0 119 85
48.PNG 1 0 0 121 88
49.PNG 1 0 0 119 91
50.PNG 1 0 0 128 90