1.PNG 1 0 0 25 56
2.PNG 1 0 0 25 53
3.PNG 1 0 0 28 54
4.PNG 1 0 0 25 54
5.PNG 1 0 0 29 57
6.PNG 1 0 0 26 65
7.PNG 1 0 0 27 61
8.PNG 1 0 0 30 67
9.PNG 1 0 0 37 68
10.PNG 1 0 0 32 61
11.PNG 1 0 0 32 72
12.PNG 1 0 0 34 73
13.PNG 1 0 0 36 70
14.PNG 1 0 0 41 71
15.PNG 1 0 0 40 73
16.PNG 1 0 0 34 74
17.PNG 1 0 0 34 80
18.PNG 1 0 0 37 78
19.PNG 1 0 0 43 81
20.PNG 1 0 0 41 78
21.PNG 1 0 0 52 106
22.PNG 1 0 0 56 100
23.PNG 1 0 0 58 101
24.PNG 1 0 0 50 104
25.PNG 1 0 0 55 101
26.PNG 1 0 0 53 140
27.PNG 1 0 0 62 132
28.PNG 1 0 0 63 140
29.PNG 1 0 0 65 141
30.PNG 1 0 0 65 136
31.PNG 1 0 0 88 201
32.PNG 1 0 0 94 195
33.PNG 1 0 0 89 194
34.PNG 1 0 0 85 196
35.PNG 1 0 0 91 200
36.PNG 1 0 0 90 189
37.PNG 1 0 0 93 200
38.PNG 1 0 0 91 190
39.PNG 1 0 0 100 191
40.PNG 1 0 0 86 199
41.PNG 1 0 0 212 374
42.PNG 1 0 0 197 368
43.PNG 1 0 0 192 378
44.PNG 1 0 0 186 380
45.PNG 1 0 0 201 381
46.PNG 1 0 0 131 187
47.PNG 1 0 0 123 280
48.PNG 1 0 0 103 266
49.PNG 1 0 0 120 284
50.PNG 1 0 0 123 286