1.PNG 1 0 0 653 474
2.PNG 1 0 0 640 453
3.PNG 1 0 0 641 470
4.PNG 1 0 0 657 476
5.PNG 1 0 0 653 487
6.PNG 1 0 0 471 267
7.PNG 1 0 0 461 271
8.PNG 1 0 0 494 281
9.PNG 1 0 0 505 277
10.PNG 1 0 0 492 297
11.PNG 1 0 0 283 200
12.PNG 1 0 0 281 190
13.PNG 1 0 0 289 166
14.PNG 1 0 0 284 164
15.PNG 1 0 0 290 172
16.PNG 1 0 0 281 165
17.PNG 1 0 0 281 163
18.PNG 1 0 0 282 160
19.PNG 1 0 0 167 104
20.PNG 1 0 0 162 108
21.PNG 1 0 0 159 102
22.PNG 1 0 0 160 108
23.PNG 1 0 0 173 117
24.PNG 1 0 0 164 107
25.PNG 1 0 0 164 106
26.PNG 1 0 0 132 78
27.PNG 1 0 0 130 88
28.PNG 1 0 0 128 80
29.PNG 1 0 0 133 84
30.PNG 1 0 0 133 88
31.PNG 1 0 0 127 80
32.PNG 1 0 0 132 85
33.PNG 1 0 0 133 83
34.PNG 1 0 0 133 79
35.PNG 1 0 0 131 84
36.PNG 1 0 0 129 85
37.PNG 1 0 0 126 85
38.PNG 1 0 0 126 81
39.PNG 1 0 0 129 84
40.PNG 1 0 0 125 83
41.PNG 1 0 0 82 61
42.PNG 1 0 0 81 60
43.PNG 1 0 0 81 57
44.PNG 1 0 0 82 59
45.PNG 1 0 0 84 60
46.PNG 1 0 0 84 61
47.PNG 1 0 0 60 47
48.PNG 1 0 0 60 47
49.PNG 1 0 0 65 51
50.PNG 1 0 0 60 48