1.PNG 1 0 0 747 453 
2.PNG 1 0 0 718 448
3.PNG 1 0 0 715 506
4.PNG 1 0 0 739 529
5.PNG 1 0 0 762 543
6.PNG 1 0 0 412 270
7.PNG 1 0 0 411 256
8.PNG 1 0 0 433 254
9.PNG 1 0 0 419 248
10.PNG 1 0 0 437 256
11.PNG 1 0 0 423 246
12.PNG 1 0 0 438 239
13.PNG 1 0 0 435 268
14.PNG 1 0 0 352 251
15.PNG 1 0 0 439 231
16.PNG 1 0 0 446 251
17.PNG 1 0 0 446 248
18.PNG 1 0 0 436 240
19.PNG 1 0 0 249 157
20.PNG 1 0 0 250 157
21.PNG 1 0 0 242 167
22.PNG 1 0 0 244 141
23.PNG 1 0 0 238 149
24.PNG 1 0 0 239 159
25.PNG 1 0 0 239 144
26.PNG 1 0 0 234 132
27.PNG 1 0 0 243 144
28.PNG 1 0 0 247 148
29.PNG 1 0 0 252 146
30.PNG 1 0 0 249 144
31.PNG 1 0 0 123 85
32.PNG 1 0 0 129 86
33.PNG 1 0 0 126 79
34.PNG 1 0 0 133 85
35.PNG 1 0 0 124 82
36.PNG 1 0 0 125 84
37.PNG 1 0 0 125 86
38.PNG 1 0 0 128 82
39.PNG 1 0 0 127 81
40.PNG 1 0 0 132 83
41.PNG 1 0 0 92 63
42.PNG 1 0 0 99 66
43.PNG 1 0 0 97 63
44.PNG 1 0 0 86 64
45.PNG 1 0 0 92 65
46.PNG 1 0 0 90 68
47.PNG 1 0 0 96 60
48.PNG 1 0 0 97 67
49.PNG 1 0 0 93 67
50.PNG 1 0 0 99 69